Zeit in s - Temperaturverlauf	Temperatur in °C - Temperaturverlauf
0	26,1
0,1	26,7
0,1	27,2
0,2	26,9
0,2	27,5
0,3	26,2
0,3	27,2
0,4	26,4
0,4	27,6
0,5	26,4
0,5	27
0,6	26,5
0,6	26,9
0,7	26,5
0,7	26,6
0,8	26,3
0,8	27,6
0,9	26,9
0,9	27,6
1	26,9
1	26,5
1,1	26,2
1,1	27,5
1,2	26,9
1,2	27
1,3	26,3
1,3	27,2
1,4	26,3
1,4	27,4
1,5	26,1
1,6	27,4
1,6	26,8
1,6	27,6
1,7	26,1
1,7	27
1,8	26,3
1,8	27,3
1,9	26,1
1,9	27,1
2	26,3
2	27,1
2,1	26,2
2,1	27,1
2,2	26,6
2,2	27,2
2,3	26,4
2,3	27,5
2,4	26,6
2,5	27,5
2,5	26,6
2,5	27,2
2,6	26,2
2,6	27,7
2,7	26,5
2,7	26,8
2,8	26,3
2,8	27
2,9	26,4
2,9	27
3	26,5
3	27,2
3,1	26,6
3,1	27,5
3,2	26
3,2	27,3
3,3	26,6
3,4	27,3
3,4	26,6
3,4	27
3,5	26,2
3,5	27,2
3,6	26,6
3,6	26,7
3,7	26,7
3,8	27
3,8	26,7
3,8	27,2
3,9	26,6
3,9	27,6
4	26,3
4	27,6
4,1	26,3
4,1	27
4,2	26,5
4,2	26,7
4,3	26,6
4,3	27,4
4,4	27
4,4	27,4
4,5	26,1
4,5	26,9
4,6	26,3
4,7	27,5
4,7	26,3
4,7	26,9
4,8	26,6
4,8	27,3
4,9	26,9
4,9	27,2
5	26,6
5	27,5
5,1	26,4
