Zeit in s - Temperaturverlauf	Temperatur in °C - Temperaturverlauf
0	47,5
0,1	47,3
0,1	48,3
0,2	47,2
0,2	48,2
0,3	47,1
0,3	48
0,4	47,3
0,5	48,4
0,5	47,4
0,6	48,2
0,6	47,8
0,6	47,7
0,7	47,1
0,7	48,7
0,8	46,7
0,8	48,5
0,9	46,7
0,9	47,9
1	47,6
1	48,1
1,1	46,9
1,1	47,9
1,2	47,2
1,2	48,3
1,3	46,8
1,3	48
1,4	46,3
1,4	47,6
1,5	47
1,5	48,1
1,6	47,3
1,6	48
1,7	47
1,8	48,2
1,8	47,3
1,8	48,7
1,9	47,1
1,9	47,8
2	47,1
2	48
2,1	47,3
2,1	47,9
2,2	47,7
2,2	48,1
2,3	47,2
2,3	48,1
2,4	47,1
2,4	48,4
2,5	47,4
2,5	48
2,6	47,4
2,6	47,7
2,7	47,4
2,7	48,5
2,8	47,3
2,8	48,2
2,9	47,4
2,9	47,6
3	46,8
3	48
3,1	47,1
3,1	48,3
3,2	47,2
3,2	47,8
3,3	46,8
3,4	48,4
3,4	47,1
3,5	48,1
3,5	47,2
3,5	47,9
3,6	47,3
3,6	48,3
3,7	46,8
3,7	48,1
3,8	47,1
3,8	48,2
3,9	47,1
3,9	48,7
4	47
4	47,6
4,1	47,3
4,1	49,1
4,2	47,1
4,2	48,5
4,3	47,4
4,3	48,3
4,4	47,3
4,4	48,4
4,5	47,1
4,5	48,5
4,6	46,7
4,7	48,6
4,7	46,7
4,8	47,9
4,8	47,2
4,8	48,3
4,9	47,2
4,9	48,4
5	47,3
5	48
5,1	47
5,1	48,5
5,2	47,3
5,2	48,5
5,3	47,1
5,3	48
5,4	47,2
5,4	48,3
5,5	47,4
5,5	48,6
5,6	46,6
5,6	48,6
5,7	47,6
5,7	49,1
5,8	47,2
5,8	48,4
5,9	47,3
5,9	48,7
6	47,5
6	48,9
6,1	47
6,2	48,5
6,2	47,9
6,2	49
6,3	46,9
6,3	49
6,4	47,2
6,4	48,2
6,5	46,7
6,5	48
6,6	47,4
6,6	48,2
6,7	47,4
6,7	48,4
6,8	47,7
6,8	48,8
6,9	47,3
6,9	48,4
7	47,1
7	47,8
7,1	47,2
7,1	48,3
7,2	46,9
7,2	48,7
7,3	47,4
7,3	48,2
7,4	47,1
7,5	48,5
7,5	47,2
7,5	48,3
7,6	47,1
7,7	47,7
7,7	46,8
7,7	47,5
7,8	47
7,8	48,5
7,9	47,2
7,9	48,7
8	47,4
8	48,2
8,1	46,9
8,1	48,3
8,2	47,3
8,2	48,8
8,3	46,7
8,3	49
8,4	47
8,4	48,2
8,5	47,1
8,5	48,6
8,6	47
8,6	48,6
8,7	47,3
8,7	48,9
8,8	47,6
8,8	48,7
8,9	47,3
8,9	48,5
9	47,5
9	48,3
9,1	46,7
9,1	48,4
9,2	46,2
9,2	48,4
9,3	47,9
9,3	48,6
9,4	47,4
9,4	48,7
9,5	47
9,5	48,6
9,6	47,6
9,6	49
9,7	47
9,7	48,2
9,8	46,9
9,8	48
9,9	47,6
9,9	48,8
10	47,5
10	48,6
10,1	47,1
10,1	48,8
10,2	47,6
10,2	48,3
10,3	47,2
10,3	48,5
10,4	47,8
10,4	49
10,5	47,3
10,5	48,3
10,6	47,7
10,6	48,9
10,7	47,6
10,7	48,9
10,8	47,6
10,8	48,2
10,9	47,2
10,9	48,9
11	47,9
11	48,1
11,1	47,4
11,1	48,2
11,2	47,6
11,2	48,2
11,3	47,6
11,3	48,5
11,4	47,3
11,4	48,4
11,5	47,7
11,5	48,2
11,6	47,1
11,6	48,4
11,7	47,1
11,7	48
11,8	47,6
11,8	47,9
11,9	47
11,9	47,5
12	46,5
12	47,5
12,1	46,4
12,1	47,2
12,2	46,2
12,2	47,2
12,3	45,9
12,3	46,7
12,4	46
12,4	45,2
12,5	44,5
12,5	44
12,6	42,4
12,6	42,4
12,7	40,8
12,7	40,8
12,8	39,2
12,8	39,8
12,9	38,5
12,9	38,2
13	37,4
13	37,6
13,1	36
13,2	36
13,2	35,1
13,2	35,8
13,3	35
13,3	35,7
13,4	37
13,4	38,5
13,5	38
13,5	40,1
13,6	39,1
13,6	40,7
13,7	39,3
13,7	41,6
13,8	40,6
13,8	41,1
13,9	40,8
13,9	41,8
14	41,4
14,1	41,5
14,1	40,9
14,1	41,9
14,2	40,9
14,2	42,3
14,3	41,5
14,3	42,1
14,4	42
14,4	42
14,5	41,6
14,6	42,2
14,6	41,5
14,6	41,7
14,7	41,7
14,8	42,8
14,8	41,4
14,8	42,7
14,9	41,3
14,9	42,4
15	41,5
15	42,3
15,1	41,9
15,1	42
15,2	41,1
15,2	42,7
15,3	41,7
15,3	42,3
15,4	41,2
15,4	42,8
15,5	41,3
15,6	42,5
15,6	41,3
15,7	42,4
15,7	41,2
15,7	42,4
15,8	41,4
15,8	42,8
15,9	41,4
15,9	42,6
16	41,4
16	42,4
16,1	41,3
16,1	41,8
16,2	42,1
16,2	42
16,3	41,1
16,3	41,6
16,4	41,9
16,4	42,1
16,5	41,3
16,5	41,9
16,6	40,8
16,6	42,3
16,7	41,1
16,7	42,3
16,8	40,5
16,8	40,6
16,9	40,2
16,9	39
17	37,3
17,1	37,6
17,1	36,4
17,1	36,9
17,2	35,1
17,2	34,8
17,3	33
17,3	33,4
17,4	32,1
17,4	32,2
17,5	30,9
17,5	31
17,6	30
17,6	30,8
17,7	29,8
17,8	29,4
17,8	28,8
17,8	29
17,9	28,4
17,9	29,1
18	27,5
18	27,8
18,1	27,1
18,1	27,5
18,2	26,7
18,2	27
18,3	26,1
18,3	26,2
18,4	25,7
18,4	26,1
18,5	25,4
18,5	25,4
18,6	24,8
18,6	25,8
18,7	24,6
18,8	25,3
18,8	24,3
18,8	24,9
18,9	24,4
18,9	24,5
19	23,4
19,1	24,4
19,1	24,1
19,1	24,2
19,2	23,3
19,2	23,9
19,3	23,5
19,3	23,9
19,4	23,5
19,4	23,3
19,5	23,4
19,5	23,7
19,6	23,3
19,6	23,3
19,7	23
19,7	23,3
19,8	23,2
19,8	22,7
19,9	22,5
19,9	23,2
20	22,4
20	22,8
20,1	22,4
20,1	22,4
20,2	22,8
20,2	22,2
20,3	22,2
20,3	22,2
20,4	22,5
20,4	22,4
20,5	22,7
20,6	21,9
20,6	21,9
20,6	22,1
20,7	22,4
20,7	22,4
20,8	22
20,8	21,8
20,9	21,7
20,9	22,1
21	22,3
21	22,3
21,1	22,2
21,1	22,2
21,2	21,9
21,2	22,4
21,3	22
21,3	22,1
21,4	22,2
21,4	22,6
21,5	22
21,5	22,1
21,6	22,1
21,6	22,3
21,7	22,4
21,7	22,5
21,8	22,2
21,9	21,9
21,9	22,3
21,9	22,1
22	22,4
22,1	21,6
22,1	22,8
22,1	22,2
22,2	22,4
22,2	22
22,3	22
22,3	21,5
22,4	22,4
22,4	21,6
22,5	22,2
22,5	21,6
22,6	22,2
22,6	22,3
22,7	22,7
22,7	22,1
22,8	22,4
22,8	22,1
22,9	22,1
22,9	22,4
23	22,4
23	22
23,1	22,1
23,1	22,7
23,2	22,4
23,2	21,7
23,3	22,6
23,4	22,3
23,4	22,7
23,4	22,2
23,5	21,6
23,6	22,1
23,6	22,7
23,6	21,8
23,7	22,2
23,7	21,6
23,8	22,9
23,8	21,8
23,9	22,4
23,9	22,1
24	22,1
24,1	22,1
24,1	22,3
24,1	22,6
24,2	21,8
24,2	21,8
24,3	22,4
24,3	22,4
24,4	22,5
24,4	22
24,5	22,5
24,6	22,2
24,6	22,3
24,6	21,8
24,7	22,2
24,7	21,8
24,8	22,6
24,8	21,9
24,9	22
24,9	22
25	22,2
25	21,8
25,1	22,1
25,1	22
25,2	22,6
25,2	22,2
25,3	22,7
25,3	22,2
25,4	22,4
25,4	21,9
25,5	22,4
25,5	21,9
25,6	22,7
25,6	22,2
25,7	23
25,7	21,8
25,8	22,2
25,8	22
25,9	22,8
25,9	21,5
26	22,6
26	21,8
26,1	22,7
26,1	22
26,2	22,7
26,2	21,9
26,3	22,8
26,3	22,1
26,4	23,1
26,4	22,1
26,5	22,9
26,5	22
26,6	22,3
26,6	21,8
26,7	22,7
26,7	21,8
26,8	23
26,8	21,9
26,9	23,1
26,9	22,1
27	22,4
27	22
27,1	22,6
27,1	22
27,2	22,9
27,2	21,8
27,3	22,7
27,3	21,9
27,4	23,2
27,4	21,6
27,5	22,6
27,6	22,2
27,6	22,8
27,6	21,2
27,7	22,4
27,7	22
27,8	22,6
27,8	22,3
27,9	22,2
27,9	22,1
28	21,7
28	22,2
28,1	22,6
28,1	21,9
28,2	22,7
28,2	21,7
28,3	22,8
28,3	21,8
28,4	22,8
28,4	21,3
28,5	22,7
28,5	21,7
28,6	22,5
28,6	22,3
28,7	22,8
28,7	21,5
28,8	22,7
28,9	21,7
28,9	22,6
28,9	21,5
29	22,5
29	22,1
29,1	22,5
29,1	22,1
29,2	23
29,2	21,9
29,3	22,8
29,3	21,8
29,4	22,2
29,4	21,9
29,5	22,7
29,5	22,1
29,6	22,8
29,6	21,9
29,7	22,6
29,7	22,2
29,8	23,2
29,8	21,9
29,9	22,1
29,9	21,9
30	22,6
30	22,1
30,1	22,7
30,1	22,6
30,2	22,7
30,2	22
30,3	22,9
30,4	21,8
30,4	22,8
30,4	21,7
30,5	22,7
30,6	21,9
30,6	22,7
30,6	21,8
30,7	23
30,7	21,5
30,8	22,5
30,8	21,8
30,9	22,9
30,9	22,2
31	22,7
31	22,1
31,1	22,6
31,1	22
31,2	23
31,2	22,2
31,3	23,2
31,3	22,2
31,4	22,7
31,4	21,7
31,5	22,8
31,5	22
31,6	22,6
31,6	22,3
31,7	23
31,8	22,2
31,8	23
31,9	21,5
31,9	22,8
31,9	21,9
32	22,8
32	22,5
32,1	23,2
32,1	22,4
32,2	22,9
32,2	22,1
32,3	23,3
32,3	21,6
32,4	23,2
32,4	21,7
32,5	23,5
32,5	22,2
32,6	22,9
32,6	22,4
32,7	23,2
32,7	21,9
32,8	23,2
32,8	21,5
32,9	23,2
32,9	21,9
33	22,6
33	22,2
33,1	23,3
33,1	22,4
33,2	23,3
33,2	22,3
33,3	23,5
33,3	21,3
33,4	23,6
33,5	22,1
33,5	23,7
33,5	22,2
33,6	23,5
33,6	22,1
33,7	23,3
33,7	21,9
33,8	22,7
33,8	22,4
33,9	23,6
33,9	22,1
34	23,7
34	22,6
34,1	23
34,1	22,2
34,2	22,9
34,2	22,2
34,3	23
34,4	21,8
34,4	23,2
34,4	21,9
34,5	23,1
34,5	22,6
34,6	23
34,6	22,1
34,7	23
34,7	22,1
34,8	23,5
34,9	22,5
34,9	22,8
35	22,6
35	23,1
35	22,2
35,1	23,8
35,1	21,9
35,2	24,3
35,2	22,1
35,3	23,7
35,3	22,1
35,4	23,5
35,4	22
35,5	23,5
35,5	22,2
35,6	22,6
35,6	21,5
35,7	23,1
35,7	22,4
35,8	23,4
35,8	22,1
35,9	23,6
35,9	22,2
36	23,3
36	21,9
36,1	23,3
36,1	21,9
36,2	22,6
36,2	22,7
36,3	22,7
36,3	21,9
36,4	22,6
36,4	22
36,5	22,6
36,5	22,6
36,6	22,9
36,6	22,4
36,7	23,3
36,7	22,6
36,8	22,9
36,8	22,6
36,9	23,1
36,9	22,2
37	23,2
37	21,9
37,1	22,7
37,1	22,2
37,2	22,2
37,2	22,1
37,3	22,1
37,4	22,2
37,4	22,1
37,4	21,9
37,5	23,4
37,5	22,6
37,6	22,2
37,6	22,2
37,7	22,4
37,7	22,4
37,8	22,9
37,9	21,9
37,9	22,6
38	21,9
38	22,1
38	22,1
38,1	22,6
38,1	22,1
38,2	23
38,2	22,6
38,3	23
38,3	22,4
38,4	22,3
38,4	21,8
38,5	22,6
38,5	21,5
38,6	22,7
38,6	21,8
38,7	22
38,7	21,7
38,8	22,2
38,8	21,7
38,9	22,2
38,9	21,5
39	22,5
39	21,5
39,1	23
39,1	21,1
39,2	22,6
39,2	21,7
39,3	22,9
39,3	21,9
39,4	22,4
39,4	22,1
39,5	22,1
39,5	22,3
39,6	22,2
39,6	22,1
39,7	22,2
39,7	22,1
39,8	22,4
39,8	22,4
39,9	22,1
39,9	21,9
40	22,2
40	22
40,1	22,1
40,1	21,3
40,2	22,5
40,2	21,6
40,3	22,5
40,3	21,5
40,4	22,4
40,4	21,5
40,5	23,2
40,5	21,4
40,6	22,5
40,6	21,4
40,7	22,2
40,7	22
40,8	22,4
40,8	21,9
40,9	22,4
40,9	21,3
41	22,6
41	21,2
41,1	22,1
41,1	22,2
41,2	21,9
41,2	21,2
41,3	22,4
41,3	22,1
41,4	21,8
41,5	21,6
41,5	22,1
41,5	22,1
41,6	22,7
41,6	21,7
41,7	22,3
41,8	21,8
41,8	22,4
41,8	21,9
41,9	22,2
42	21,6
42	22,3
42	22
42,1	22,3
42,1	22
42,2	22,6
42,2	21,5
42,3	22,9
42,3	22,4
42,4	22,2
42,4	21,7
42,5	21,9
42,5	22,3
42,6	22,2
42,6	22,4
42,7	22
42,7	22
42,8	22,3
42,8	22
42,9	22,1
42,9	22,2
43	22,4
43	22,6
43,1	22,3
43,1	22,4
43,2	22,6
43,2	21,9
43,3	22,1
43,4	22,6
43,4	21,8
43,5	23
43,5	22,6
43,5	22,5
43,6	21,9
43,6	22,5
43,7	22,4
43,7	22,7
43,8	21,9
43,8	22,6
43,9	22,4
43,9	22,7
44	22,5
44	22,4
44,1	22,1
44,1	22,7
44,2	22,3
44,2	22,2
44,3	22,4
44,3	22,2
44,4	22,4
44,4	22,8
44,5	22,6
44,5	22,5
44,6	22,2
44,6	22,4
44,7	22,1
44,7	22,4
44,8	22
44,9	22,3
44,9	21,7
44,9	22,6
45	22,3
45	22,5
45,1	22,2
45,1	22,7
45,2	22,1
45,2	22,4
45,3	21,7
45,3	22,8
45,4	22,1
45,4	22,7
45,5	22
45,5	22,7
45,6	21,7
45,6	23
45,7	21,8
45,7	22,7
45,8	22,5
45,8	22,4
45,9	21,6
45,9	22,4
46	22,1
46	22,4
46,1	21,9
46,1	23
46,2	22,3
46,2	22,6
46,3	22,4
46,4	22,4
46,4	21,8
46,4	22,4
46,5	22,7
46,5	22,6
46,6	22,8
46,6	22,3
46,7	22,6
46,7	22,7
46,8	22
46,8	22,6
46,9	22,4
46,9	22,5
47	22,4
47	22,4
47,1	22,4
47,1	22,5
47,2	22,2
47,2	22,4
47,3	22,4
47,3	22,3
47,4	22,2
47,5	22,8
47,5	22
47,5	23,1
47,6	21,9
47,6	22,4
47,7	21,6
47,8	22,7
47,8	22,4
47,9	22,6
47,9	22,1
47,9	22
48	21,9
48	22,5
48,1	22,2
48,1	22,4
48,2	22,2
48,2	22,1
48,3	21,9
48,3	22,8
48,4	22,3
48,4	22,6
48,5	21,7
48,5	22,1
48,6	22,2
48,6	22,4
48,7	22
48,7	22,4
48,8	22
48,8	22,6
48,9	22,1
48,9	22,8
49	22,1
49	22,2
49,1	22,4
49,1	22,9
49,2	22,2
49,2	23,1
49,3	22
49,3	22,5
49,4	21,9
49,4	23,3
49,5	22,5
49,5	22,6
49,6	22,1
49,6	22,1
49,7	22,4
49,7	22,6
49,8	22,4
49,8	22,9
49,9	22
49,9	23
50	21,5
50	22,7
50,1	21,9
50,1	22,4
50,2	21,8
50,2	23,2
50,3	21,8
50,3	22,4
50,4	22,2
50,5	23
50,5	21,9
50,5	22,8
50,6	21,8
50,6	22,4
50,7	22
50,7	22,4
50,8	22,2
50,8	23
50,9	22,2
50,9	22,7
51	22,3
51	22,9
51,1	21,8
51,1	22,9
51,2	21,6
51,2	23
51,3	21,9
51,3	22,7
51,4	22,3
51,4	23,3
51,5	22,3
51,5	23
51,6	21,9
51,6	22,9
51,7	22,4
51,7	23
51,8	22,2
51,8	23
51,9	21,7
52	22,5
52	21,7
52	22,7
52,1	21,7
52,1	23
52,2	22,7
52,2	22,9
52,3	21,8
52,3	22,7
52,4	21,7
52,4	23,6
52,5	22,1
52,5	22,8
52,6	22,2
52,6	22,4
52,7	21,9
52,7	22,4
52,8	22,4
52,8	22,9
52,9	21,9
52,9	22,9
53	22,1
53	22,3
53,1	21,9
53,1	22,6
53,2	22,4
53,2	23,2
53,3	21,9
53,4	23,1
53,4	22,1
53,4	23,1
53,5	22,4
53,5	23,3
53,6	22,1
53,6	22,6
53,7	21,9
53,7	23
53,8	22,6
53,8	22,8
53,9	22,4
53,9	22,9
54	21,9
54	22,9
54,1	22,6
54,1	23
54,2	22,6
54,2	22,9
54,3	22,1
54,3	22,8
54,4	22,3
54,4	22,8
54,5	21,5
54,5	23,4
54,6	22,4
54,6	23,2
54,7	22
54,7	22,8
54,8	21,8
54,9	22,8
54,9	21,9
55	22,7
55	22,2
55	23,1
55,1	22,2
55,1	22,7
55,2	21,4
55,2	23,2
55,3	22,6
55,3	23,2
55,4	22,4
55,4	23,1
55,5	22,1
55,5	23,2
55,6	22,3
55,6	23,2
55,7	22,7
55,7	23,2
55,8	22,3
55,8	23
55,9	21,7
55,9	23,5
56	23
56	22,6
56,1	22,2
56,1	22,6
56,2	22,2
56,2	22,9
56,3	22,6
56,3	23
56,4	22,6
56,5	23,2
56,5	22,6
56,5	22,9
56,6	21,8
56,6	23,6
56,7	22,3
56,7	22,8
56,8	22,7
56,8	23,4
56,9	22,2
56,9	23,6
57	22,4
57	23,5
57,1	22,8
57,1	22,4
57,2	22,5
57,2	23,2
57,3	22,2
57,3	23,2
57,4	22,5
57,4	22,7
57,5	22,6
57,5	22,8
57,6	22,1
57,6	22,9
57,7	22,7
57,7	23,8
57,8	22,4
57,8	23,4
57,9	22,4
57,9	23
58	22,5
58	22,7
58,1	22,5
58,1	22,7
58,2	22,3
58,2	22,7
58,3	22,6
58,3	22,6
58,4	22,7
58,4	22,9
58,5	22,1
58,5	22,3
58,6	22,7
58,6	23,2
58,7	22,3
58,7	22,7
58,8	22,5
58,8	22,1
58,9	22,4
59	22,9
59	22,2
59	23,3
59,1	22,3
59,1	23,3
59,2	22,1
59,2	23
59,3	22,7
59,3	23,1
59,4	22,9
59,4	22,6
59,5	22,7
59,5	23,3
59,6	22,6
59,6	23,3
59,7	22,3
59,7	22,5
59,8	22
59,8	22,4
59,9	23
59,9	23,4
60	21,6
60	23
60,1	22,7
60,1	23,1
60,2	22,1
60,2	22,4
60,3	22,6
60,4	23,4
60,4	22,7
60,5	23,2
60,5	22,3
60,5	23,1
60,6	22,1
60,6	22,9
60,7	22,8
60,7	23,6
60,8	22,3
60,9	23,3
60,9	22
60,9	23,3
61	21,9
61	23,4
61,1	22,4
61,1	23,6
61,2	22,1
61,2	22,9
61,3	22,3
61,3	22,2
61,4	22,9
61,4	22,9
61,5	22,6
61,5	22,8
61,6	22,1
61,6	22,6
61,7	22,7
61,7	22,1
61,8	21,6
61,9	22,7
61,9	22,3
61,9	22,5
62	21,9
62	23
62,1	21,6
62,1	23
62,2	21,5
62,2	22,5
62,3	22
62,3	22,6
62,4	22
62,4	22,1
62,5	22
62,5	22,2
62,6	21,6
62,6	22,4
62,7	21,9
62,7	22,2
62,8	22,4
62,8	22,2
62,9	21,9
62,9	22,5
63	22,1
63	22,7
63,1	21,9
63,1	22,1
63,2	22,2
63,2	21,9
63,3	22,4
63,4	22,5
63,4	22,1
63,5	22,5
63,5	21,9
63,5	22,4
63,6	22
